0.29173988103866577
0.30228471755981445
0.3181019425392151
0.36028119921684265
0.4059754014015198
0.5799648761749268
0.6028119325637817
0.6906853914260864
0.7170474529266357
0.7170474529266357
0.731107234954834
0.7346221208572388
0.7381370663642883
0.7398945689201355
0.7328646779060364
0.7346221208572388
0.7363796234130859
0.7416520118713379
0.7434095144271851
0.7469244003295898
0.7504393458366394
0.7557117938995361
0.753954291343689
0.7521968483924866
0.7574692368507385
0.7697715163230896
0.7750439643859863
0.7785588502883911
0.7873462438583374
0.790861189365387
0.7926186323165894
0.8014059662818909
0.803163468837738
0.8119508028030396
0.8119508028030396
0.80843585729599
0.80843585729599
0.8101933002471924
0.8154657483100891
0.8207381367683411
0.8189806938171387
0.8189806938171387
0.8189806938171387
0.8189806938171387
0.8207381367683411
0.8189806938171387
0.8154657483100891
0.8101933002471924
0.8066783547401428
0.8066783547401428
0.7996485233306885
0.7996485233306885
0.7978910207748413
0.7978910207748413
0.7978910207748413
0.7978910207748413
0.7996485233306885
0.7996485233306885
0.803163468837738
0.8049209117889404
0.8049209117889404
0.8049209117889404
0.80843585729599
0.80843585729599
0.8101933002471924
0.8101933002471924
0.8101933002471924
0.8119508028030396
0.8119508028030396
0.8101933002471924
0.8119508028030396
0.8119508028030396
0.8137082457542419
0.8101933002471924
0.80843585729599
0.8101933002471924
0.8101933002471924
0.8137082457542419
0.8154657483100891
0.8172231912612915
0.8189806938171387
0.8207381367683411
0.8207381367683411
0.8207381367683411
0.8224955797195435
0.8242530822753906
0.8224955797195435
0.8224955797195435
0.8224955797195435
0.8242530822753906
0.826010525226593
0.826010525226593
0.8242530822753906
0.8242530822753906
0.8242530822753906
0.8242530822753906
0.8242530822753906
0.8242530822753906
0.8242530822753906
0.8224955797195435
0.8242530822753906
0.826010525226593
0.826010525226593
0.826010525226593
0.8277680277824402
0.8277680277824402
0.8277680277824402
0.8295254707336426
0.8312829732894897
0.8312829732894897
0.8330404162406921
0.8330404162406921
0.8330404162406921
0.8330404162406921
0.8330404162406921
0.8347979187965393
0.8347979187965393
0.8347979187965393
0.8347979187965393
0.8347979187965393
0.8347979187965393
0.8347979187965393
0.8347979187965393
0.8347979187965393
0.8347979187965393
0.8347979187965393
0.8347979187965393
0.8347979187965393
0.8347979187965393
0.8347979187965393
0.8347979187965393
0.8330404162406921
0.8347979187965393
0.8347979187965393
0.8347979187965393
0.8347979187965393
0.8347979187965393
0.8347979187965393
0.8347979187965393
0.8347979187965393
0.8365553617477417
0.8365553617477417
0.8365553617477417
0.8365553617477417
0.8365553617477417
0.8365553617477417
0.8365553617477417
0.8347979187965393
0.8330404162406921
0.8330404162406921
0.8330404162406921
0.8347979187965393
0.8347979187965393
0.8347979187965393
0.8347979187965393
0.8365553617477417
0.8365553617477417
0.8365553617477417
0.8365553617477417
0.8365553617477417
0.8383128046989441
0.8383128046989441
0.8383128046989441
0.8383128046989441
0.8383128046989441
0.8400703072547913
0.8400703072547913
0.8383128046989441
0.8383128046989441
0.8383128046989441
0.8400703072547913
0.8400703072547913
0.8418277502059937
0.8418277502059937
0.8435852527618408
0.8435852527618408
0.8435852527618408
0.8435852527618408
0.8435852527618408
0.8435852527618408
0.8435852527618408
0.8435852527618408
0.8435852527618408
0.8435852527618408
0.8453426957130432
0.8453426957130432
0.8453426957130432
0.8453426957130432
0.8471001982688904
0.8471001982688904
0.8471001982688904
0.8471001982688904
0.8471001982688904
0.8471001982688904
0.8471001982688904
0.8471001982688904
0.8471001982688904
0.8471001982688904
0.8488576412200928
0.8488576412200928
0.8488576412200928
0.8488576412200928
0.8488576412200928
0.8488576412200928
0.8488576412200928
0.8488576412200928
0.8471001982688904
0.8471001982688904
0.8453426957130432
0.8453426957130432
0.8453426957130432
0.8453426957130432
0.8453426957130432
0.8471001982688904
0.8471001982688904
0.8471001982688904
0.8471001982688904
0.8471001982688904
0.8471001982688904
0.8471001982688904
0.8471001982688904
0.8471001982688904
0.8471001982688904
0.8471001982688904
0.8471001982688904
0.8471001982688904
0.8453426957130432
0.8435852527618408
0.8435852527618408
0.8435852527618408
0.8435852527618408
0.8435852527618408
0.8418277502059937
0.8418277502059937
0.8435852527618408
0.8435852527618408
0.8435852527618408
0.8418277502059937
0.8435852527618408
0.8435852527618408
0.8435852527618408
0.8435852527618408
0.8435852527618408
0.8418277502059937
0.8418277502059937
0.8435852527618408
0.8435852527618408
0.8435852527618408
0.8471001982688904
0.8488576412200928
0.8488576412200928
0.8488576412200928
0.8488576412200928
0.8488576412200928
0.8506151437759399
0.8488576412200928
0.8488576412200928
0.8506151437759399
0.8506151437759399
0.8523725867271423
0.8523725867271423
0.8523725867271423
0.8523725867271423
0.8523725867271423
0.8523725867271423
0.8523725867271423
0.8506151437759399
0.8506151437759399
0.8506151437759399
0.8506151437759399
0.8506151437759399
0.8506151437759399
0.8506151437759399
0.8506151437759399
0.8506151437759399
0.8506151437759399
0.8506151437759399
0.8488576412200928
0.8488576412200928
0.8488576412200928
0.8488576412200928
0.8506151437759399
0.8506151437759399
0.8506151437759399
0.8506151437759399
0.8506151437759399
0.8471001982688904
0.8488576412200928
0.8488576412200928
0.8488576412200928
0.8471001982688904
0.8488576412200928
0.8471001982688904
0.8488576412200928
0.8488576412200928
0.8488576412200928
0.8471001982688904
0.8488576412200928
0.8506151437759399
0.8506151437759399
0.8506151437759399
0.8523725867271423
0.8523725867271423
0.8523725867271423
0.8506151437759399
0.8506151437759399
0.8523725867271423
0.8523725867271423
0.8488576412200928
0.8488576412200928
0.8488576412200928
0.8488576412200928
0.8488576412200928
0.8471001982688904
0.8471001982688904
0.8506151437759399
0.8506151437759399
0.8523725867271423
0.8541300296783447
0.8541300296783447
0.8541300296783447
0.8541300296783447
0.8541300296783447
0.8523725867271423
0.8523725867271423
0.8523725867271423
0.8523725867271423
0.8541300296783447
0.8541300296783447
0.8541300296783447
0.8558875322341919
0.8541300296783447
0.8541300296783447
0.8558875322341919
0.8558875322341919
0.8558875322341919
0.8558875322341919
0.8541300296783447
0.8541300296783447
0.8541300296783447
0.8558875322341919
0.8558875322341919
0.8558875322341919
0.8576449751853943
0.8558875322341919
0.8558875322341919
0.8558875322341919
0.8558875322341919
0.8558875322341919
0.8541300296783447
0.8541300296783447
0.8541300296783447
0.8576449751853943
0.8576449751853943
0.8594024777412415
0.8594024777412415
0.8594024777412415
0.8594024777412415
0.8611599206924438
0.8611599206924438
0.8594024777412415
0.8594024777412415
0.8594024777412415
0.8576449751853943
0.8594024777412415
0.8594024777412415
0.8594024777412415
0.8576449751853943
0.8576449751853943
0.8594024777412415
0.862917423248291
0.8611599206924438
0.862917423248291
0.8594024777412415
0.8611599206924438
0.8646748661994934
0.8664323091506958
0.8664323091506958
0.8646748661994934
0.8646748661994934
0.8646748661994934
0.8664323091506958
0.8664323091506958
0.8646748661994934
0.8664323091506958
0.8646748661994934
0.8646748661994934
0.868189811706543
0.8717047572135925
0.8717047572135925
0.868189811706543
0.8664323091506958
0.8664323091506958
0.8717047572135925
0.868189811706543
0.868189811706543
0.8699472546577454
0.8717047572135925
0.8734622001647949
0.8734622001647949
0.8734622001647949
0.868189811706543
0.8699472546577454
0.8717047572135925
0.8734622001647949
0.8717047572135925
0.8734622001647949
0.8734622001647949
0.868189811706543
0.8664323091506958
0.8699472546577454
0.8717047572135925
0.8699472546577454
0.8699472546577454
0.8717047572135925
0.8699472546577454
0.8699472546577454
0.8717047572135925
0.8717047572135925
0.8717047572135925
0.8717047572135925
0.868189811706543
0.8699472546577454
0.8699472546577454
0.8734622001647949
0.8752197027206421
0.8717047572135925
0.868189811706543
0.8664323091506958
0.8699472546577454
0.8699472546577454
0.8699472546577454
0.868189811706543
0.868189811706543
0.868189811706543
0.8699472546577454
0.8699472546577454
0.8699472546577454
0.8699472546577454
0.8717047572135925
0.8699472546577454
0.8699472546577454
0.8699472546577454
0.868189811706543
0.8664323091506958
0.868189811706543
0.8699472546577454
0.8699472546577454
0.868189811706543
0.8717047572135925
0.8699472546577454
0.8699472546577454
0.8699472546577454
0.8699472546577454
0.8699472546577454
0.8699472546577454
0.868189811706543
0.868189811706543
0.8664323091506958
0.8664323091506958
0.8699472546577454
0.8699472546577454
0.8699472546577454
0.8699472546577454
0.868189811706543
0.868189811706543
0.868189811706543
0.868189811706543
0.868189811706543
0.868189811706543
0.8699472546577454
0.8699472546577454
0.8699472546577454
0.8699472546577454
0.8699472546577454
0.8699472546577454
0.8699472546577454
0.8699472546577454
0.8699472546577454
0.8717047572135925
0.8717047572135925
0.8717047572135925
0.8699472546577454
0.8717047572135925
0.8717047572135925
0.8699472546577454
0.8699472546577454
0.8699472546577454
0.8699472546577454
0.8734622001647949
0.8734622001647949
0.8717047572135925
0.8699472546577454
0.8699472546577454
0.8699472546577454
0.8699472546577454
0.8717047572135925
0.8699472546577454
0.8699472546577454
0.8699472546577454
0.8717047572135925
0.8699472546577454
0.8699472546577454
0.8699472546577454
0.8699472546577454
0.8699472546577454
0.8699472546577454
0.868189811706543
0.8699472546577454
0.8699472546577454
0.8699472546577454
0.8717047572135925
0.8717047572135925
0.8734622001647949
0.8717047572135925
0.8699472546577454
0.8699472546577454
0.8699472546577454
0.8717047572135925
0.8717047572135925
0.8699472546577454
0.868189811706543
0.8717047572135925
0.8717047572135925
0.8734622001647949
0.8699472546577454
0.868189811706543
0.868189811706543
0.868189811706543
0.868189811706543
0.8699472546577454
0.8699472546577454
0.8699472546577454
0.8699472546577454
0.8699472546577454
0.8699472546577454
0.8699472546577454
0.8699472546577454
0.8699472546577454
0.8699472546577454
0.868189811706543
0.8699472546577454
0.8699472546577454
0.8699472546577454
0.8717047572135925
0.8717047572135925
0.8734622001647949
0.8734622001647949
0.8717047572135925
0.8752197027206421
0.8734622001647949
0.8734622001647949
0.8717047572135925
0.8734622001647949
0.8734622001647949
0.8734622001647949
0.8717047572135925
0.8699472546577454
0.8717047572135925
0.8717047572135925
0.8734622001647949
0.8752197027206421
0.8717047572135925
0.8734622001647949
0.8734622001647949
0.8734622001647949
0.8734622001647949
0.8734622001647949
0.8734622001647949
0.8734622001647949
0.8734622001647949
0.8734622001647949
0.8717047572135925
0.8734622001647949
0.8734622001647949
0.8752197027206421
0.8734622001647949
0.8734622001647949
0.8752197027206421
0.8734622001647949
0.8752197027206421
0.8769771456718445
0.8769771456718445
0.8752197027206421
0.8734622001647949
0.8734622001647949
0.8752197027206421
0.8752197027206421
0.8769771456718445
0.8752197027206421
0.8769771456718445
0.8752197027206421
0.8769771456718445
0.8752197027206421
0.8752197027206421
0.8752197027206421
0.8752197027206421
0.8787346482276917
0.8769771456718445
0.8769771456718445
0.8787346482276917
0.8769771456718445
0.8769771456718445
0.8752197027206421
0.8787346482276917
0.8769771456718445
0.8787346482276917
0.8769771456718445
0.8787346482276917
0.8787346482276917
0.8752197027206421
0.8734622001647949
0.8769771456718445
0.8769771456718445
0.8769771456718445
0.8769771456718445
0.8769771456718445
0.8769771456718445
0.8787346482276917
0.8752197027206421
0.8752197027206421
0.8769771456718445
0.8769771456718445
0.8752197027206421
0.8769771456718445
0.8752197027206421
0.8787346482276917
0.8752197027206421
0.8787346482276917
0.880492091178894
0.880492091178894
0.8822495341300964
0.8787346482276917
0.880492091178894
0.8840070366859436
0.880492091178894
0.880492091178894
0.880492091178894
0.8822495341300964
0.880492091178894
0.8822495341300964
0.880492091178894
0.880492091178894
0.880492091178894
0.8822495341300964
0.8822495341300964
0.8822495341300964
0.8822495341300964
0.880492091178894
0.880492091178894
0.8822495341300964
0.8840070366859436
0.880492091178894
0.8840070366859436
0.8822495341300964
0.885764479637146
0.885764479637146
0.885764479637146
0.8822495341300964
0.8840070366859436
0.885764479637146
0.885764479637146
0.8840070366859436
0.8840070366859436
0.8840070366859436
0.8840070366859436
0.8840070366859436
0.8840070366859436
0.8840070366859436
0.8840070366859436
0.8822495341300964
0.8822495341300964
0.885764479637146
0.8840070366859436
0.8840070366859436
0.885764479637146
0.8822495341300964
0.8840070366859436
0.8875219821929932
0.8822495341300964
0.8822495341300964
0.8840070366859436
0.8822495341300964
0.8840070366859436
0.885764479637146
0.8840070366859436
0.885764479637146
0.885764479637146
0.8840070366859436
0.885764479637146
0.8840070366859436
0.8840070366859436
0.885764479637146
0.8840070366859436
0.8840070366859436
0.885764479637146
0.8840070366859436
0.885764479637146
0.8840070366859436
0.8840070366859436
0.885764479637146
0.8840070366859436
0.8840070366859436
0.885764479637146
0.8840070366859436
0.8840070366859436
0.8840070366859436
0.8840070366859436
0.885764479637146
0.885764479637146
0.8840070366859436
0.8840070366859436
0.8840070366859436
0.8840070366859436
0.885764479637146
0.8840070366859436
0.8840070366859436
0.8840070366859436
0.8840070366859436
0.8840070366859436
0.8822495341300964
0.8840070366859436
0.885764479637146
0.885764479637146
0.8875219821929932
0.8875219821929932
0.885764479637146
0.8875219821929932
0.885764479637146
0.885764479637146
0.885764479637146
0.885764479637146
0.8840070366859436
0.8822495341300964
0.8875219821929932
0.8875219821929932
0.8840070366859436
0.885764479637146
0.8875219821929932
0.885764479637146
0.885764479637146
0.8892794251441956
0.8875219821929932
0.885764479637146
0.885764479637146
0.8875219821929932
0.8875219821929932
0.8822495341300964
0.885764479637146
0.8875219821929932
0.8822495341300964
0.885764479637146
0.8892794251441956
0.8840070366859436
0.8875219821929932
0.885764479637146
0.8892794251441956
0.8840070366859436
0.8840070366859436
0.885764479637146
0.8840070366859436
0.885764479637146
0.885764479637146
0.8875219821929932
0.8840070366859436
0.885764479637146
0.8822495341300964
0.8840070366859436
0.885764479637146
0.8875219821929932
0.8822495341300964
0.8840070366859436
0.8840070366859436
0.8892794251441956
0.8875219821929932
0.885764479637146
0.8875219821929932
0.8840070366859436
0.8875219821929932
0.8875219821929932
0.885764479637146
0.8875219821929932
0.8875219821929932
0.8910369277000427
0.885764479637146
0.885764479637146
0.885764479637146
0.885764479637146
0.8875219821929932
0.8875219821929932
0.885764479637146
0.885764479637146
0.8892794251441956
0.885764479637146
0.8892794251441956
0.885764479637146
0.885764479637146
0.8892794251441956
0.885764479637146
0.885764479637146
0.8875219821929932
0.8875219821929932
0.885764479637146
0.885764479637146
0.885764479637146
0.8840070366859436
0.8875219821929932
0.8840070366859436
0.8840070366859436
0.8840070366859436
0.8840070366859436
0.8875219821929932
0.8840070366859436
0.885764479637146
0.8840070366859436
0.8822495341300964
0.885764479637146
0.8822495341300964
0.8875219821929932
0.8822495341300964
0.8822495341300964
0.8840070366859436
0.8840070366859436
0.8822495341300964
0.8822495341300964
0.8822495341300964
0.8822495341300964
0.880492091178894
0.880492091178894
0.8822495341300964
0.8822495341300964
0.8822495341300964
0.8822495341300964
0.885764479637146
0.885764479637146
0.8840070366859436
0.8822495341300964
0.8840070366859436
0.8840070366859436
0.8822495341300964
0.8822495341300964
0.8822495341300964
0.885764479637146
0.8840070366859436
0.8822495341300964
0.8840070366859436
0.880492091178894
0.8787346482276917
0.885764479637146
0.8822495341300964
0.8840070366859436
0.8822495341300964
0.880492091178894
0.8822495341300964
0.8822495341300964
0.8822495341300964
0.8822495341300964
0.880492091178894
0.880492091178894
0.880492091178894
0.8822495341300964
0.880492091178894
0.8787346482276917
0.8822495341300964
0.8822495341300964
0.880492091178894
0.880492091178894
0.8822495341300964
0.880492091178894
0.880492091178894
0.8787346482276917
0.880492091178894
0.880492091178894
0.880492091178894
0.880492091178894
0.880492091178894
0.8822495341300964
0.8822495341300964
0.880492091178894
0.880492091178894
0.8787346482276917
0.880492091178894
0.880492091178894
0.880492091178894
0.880492091178894
0.880492091178894
0.8787346482276917
0.8822495341300964
0.8822495341300964
0.8840070366859436
0.8822495341300964
0.880492091178894
0.880492091178894
0.8822495341300964
0.880492091178894
0.880492091178894
0.8822495341300964
0.880492091178894
0.880492091178894
0.880492091178894
0.8822495341300964
0.8822495341300964
0.8822495341300964
0.8840070366859436
0.880492091178894
0.880492091178894
0.8822495341300964
0.8822495341300964
0.8822495341300964
0.880492091178894
0.880492091178894
0.880492091178894
0.8787346482276917
0.8822495341300964
0.8822495341300964
0.880492091178894
0.8822495341300964
0.8840070366859436
0.8840070366859436
0.8840070366859436
0.880492091178894
0.8840070366859436
0.8840070366859436
0.8840070366859436
0.880492091178894
0.885764479637146
0.8840070366859436
0.8840070366859436
0.8822495341300964
0.8840070366859436
0.8822495341300964
0.8822495341300964
0.8840070366859436
0.880492091178894
0.885764479637146
0.8822495341300964
0.885764479637146
0.885764479637146
0.885764479637146
0.880492091178894
0.8822495341300964
0.8822495341300964
0.8840070366859436
0.885764479637146
0.885764479637146
0.8822495341300964
0.880492091178894
0.8840070366859436
0.8840070366859436
0.8840070366859436
0.885764479637146
0.8840070366859436
0.8840070366859436
0.8840070366859436
0.8822495341300964
0.8822495341300964
0.8822495341300964
0.8840070366859436
0.885764479637146
0.8840070366859436
0.885764479637146
0.8840070366859436
0.885764479637146
0.8875219821929932
0.8840070366859436
0.8892794251441956
0.885764479637146
0.8875219821929932
0.885764479637146
0.8875219821929932
0.8840070366859436
0.885764479637146
0.885764479637146
0.8840070366859436
0.885764479637146
0.885764479637146
0.885764479637146
0.8840070366859436
0.885764479637146
0.8875219821929932
0.885764479637146
0.8875219821929932
0.8840070366859436
0.885764479637146
0.885764479637146
0.885764479637146
0.885764479637146
0.885764479637146
0.8875219821929932
0.8840070366859436
0.885764479637146
0.885764479637146
0.885764479637146
0.885764479637146
0.885764479637146
0.885764479637146
0.885764479637146
0.8840070366859436
0.885764479637146
0.885764479637146
